Correlation Analysis
--------------------
This section shows the correlation matrix for numeric columns. Values close to 1 or -1 indicate strong relationships.

                                No.  APLI  IDENTIFICA  CVE_SEDE  NOM_EXA      SEXO  ENTI_NAC    LI_MAD  IADMINTRA  ICONTAFIN  IECONOMIA  IMERCADOC  IMATEMEST  IADERECHO  Puntaje Obtenido  Porcentaje   Calificación 3 er parcial  Porcentaje EXIL 
No.                        1.000000   NaN    0.216082  0.216082      NaN  0.027931  0.045929  0.023743  -0.010735  -0.030397  -0.055720   0.009863  -0.046549  -0.044913         -0.036010    -0.036010                  -0.036010         -0.036010
APLI                            NaN   NaN         NaN       NaN      NaN       NaN       NaN       NaN        NaN        NaN        NaN        NaN        NaN        NaN               NaN          NaN                        NaN               NaN
IDENTIFICA                 0.216082   NaN    1.000000  1.000000      NaN -0.000697  0.281118  0.020607  -0.021039  -0.046051  -0.087442  -0.058635   0.010087  -0.083682         -0.062405    -0.062405                  -0.062405         -0.062405
CVE_SEDE                   0.216082   NaN    1.000000  1.000000      NaN -0.000697  0.281119  0.020606  -0.021039  -0.046052  -0.087442  -0.058636   0.010086  -0.083682         -0.062405    -0.062405                  -0.062405         -0.062405
NOM_EXA                         NaN   NaN         NaN       NaN      NaN       NaN       NaN       NaN        NaN        NaN        NaN        NaN        NaN        NaN               NaN          NaN                        NaN               NaN
SEXO                       0.027931   NaN   -0.000697 -0.000697      NaN  1.000000  0.013535  0.015083   0.102804   0.101772   0.084987   0.062297   0.046581   0.106974          0.109317     0.109317                   0.109317          0.109317
ENTI_NAC                   0.045929   NaN    0.281118  0.281119      NaN  0.013535  1.000000 -0.013637  -0.038025  -0.021500  -0.020444  -0.060016   0.008682  -0.039204         -0.039505    -0.039505                  -0.039505         -0.039505
LI_MAD                     0.023743   NaN    0.020607  0.020606      NaN  0.015083 -0.013637  1.000000   0.005237  -0.024024  -0.002258  -0.006965   0.005068  -0.008865         -0.006691    -0.006691                  -0.006691         -0.006691
IADMINTRA                 -0.010735   NaN   -0.021039 -0.021039      NaN  0.102804 -0.038025  0.005237   1.000000   0.536949   0.526455   0.582580   0.487819   0.516679          0.801121     0.801121                   0.801121          0.801121
ICONTAFIN                 -0.030397   NaN   -0.046051 -0.046052      NaN  0.101772 -0.021500 -0.024024   0.536949   1.000000   0.711427   0.364022   0.606173   0.666465          0.821535     0.821535                   0.821535          0.821535
IECONOMIA                 -0.055720   NaN   -0.087442 -0.087442      NaN  0.084987 -0.020444 -0.002258   0.526455   0.711427   1.000000   0.405747   0.485711   0.730195          0.817657     0.817657                   0.817657          0.817657
IMERCADOC                  0.009863   NaN   -0.058635 -0.058636      NaN  0.062297 -0.060016 -0.006965   0.582580   0.364022   0.405747   1.000000   0.250201   0.395292          0.682823     0.682823                   0.682823          0.682823
IMATEMEST                 -0.046549   NaN    0.010087  0.010086      NaN  0.046581  0.008682  0.005068   0.487819   0.606173   0.485711   0.250201   1.000000   0.443082          0.692406     0.692406                   0.692406          0.692406
IADERECHO                 -0.044913   NaN   -0.083682 -0.083682      NaN  0.106974 -0.039204 -0.008865   0.516679   0.666465   0.730195   0.395292   0.443082   1.000000          0.806096     0.806096                   0.806096          0.806096
Puntaje Obtenido          -0.036010   NaN   -0.062405 -0.062405      NaN  0.109317 -0.039505 -0.006691   0.801121   0.821535   0.817657   0.682823   0.692406   0.806096          1.000000     1.000000                   1.000000          1.000000
Porcentaje                -0.036010   NaN   -0.062405 -0.062405      NaN  0.109317 -0.039505 -0.006691   0.801121   0.821535   0.817657   0.682823   0.692406   0.806096          1.000000     1.000000                   1.000000          1.000000
Calificación 3 er parcial -0.036010   NaN   -0.062405 -0.062405      NaN  0.109317 -0.039505 -0.006691   0.801121   0.821535   0.817657   0.682823   0.692406   0.806096          1.000000     1.000000                   1.000000          1.000000
Porcentaje EXIL           -0.036010   NaN   -0.062405 -0.062405      NaN  0.109317 -0.039505 -0.006691   0.801121   0.821535   0.817657   0.682823   0.692406   0.806096          1.000000     1.000000                   1.000000          1.000000

Summary: Strongest correlation (excluding self-correlation) is 1.00. 